$ANSIBLE_VAULT;1.1;AES256
36643236306139623835353637396436363533393037373136346463303630623166643465353162
3966646634653430663331633762306333313764323964300a633261653265623461373531373135
64353963396535613238653239656433373336616535343031323133623639313436613437333461
3466333033346430650a663637386330356630653735373233346333613364303236323165373233
36356165373336623239336465363635643431646166343435336361396263396563336263636165
66616434313534626164383763393866306636663339386466323832353932386237616366663336
34646237366531626636653064633862343261626633626237366639663361373762663033633031
61626236633535313064656134396131383661313932663537623131386138373638313433383237
39306531343062343531613536633035306136313864616630353538323134353237636333313736
63613661666663343066633435356437656533613966643864663436663339343562623232303266
32626163343965306139633138376538316561393238636563653234336463323662636337333930
33646339646131313332663164623738653561623037643963626563323232653335393333623932
63656330356563643537353866393639306262333833663037356539663064656531356662336536
62613030643832333962363130336637363834343738646131326531663265333261313462306666
66653031643739653033326161306562393362306636633231316462303162656465386339313139
66363533326230303535303164613736643761356163343164393965333231643639363462386539
34613139383035373662616166353135393166313732633236333835643535623532613633373934
30363030666335363732613831353666343437366633393638616263326438623632656634336537
65643731363834386161373036356637643337653938656566616433343935386636623436303536
33363062383861396538353462346332303236323864386639386333376664356439343531313164
36643363336432393364343632393666346164313566313632646236653862653339376638306633
66316562313037663931333665316562623366373830656537323863336561383330353835383266
65616565333535336535393537396234353161396633623133663961313361376330643065363733
39303463666265643833
